002 1 ROUND-04-002-13_1 4
002 1 ROUND-04-002-13_2 4
002 1 ROUND-04-002-13_3 0
002 1 ROUND-04-002-13_4 1
004 1 ROUND-04-004-19_1 0
004 1 ROUND-04-004-19_2 0
004 1 ROUND-04-004-19_3 0
004 1 ROUND-04-004-19_4 0
004 1 ROUND-04-004-19_5 0
009 1 ROUND-04-009-39_1 0
009 1 ROUND-04-009-39_2 1
009 1 ROUND-04-009-39_3 1
009 1 ROUND-04-009-39_4 0
010 1 ROUND-04-010-33_1 3
010 1 ROUND-04-010-33_2 2
010 1 ROUND-04-010-33_3 0
010 1 ROUND-04-010-33_4 0
010 1 ROUND-04-010-33_5 2
010 1 ROUND-04-010-33_6 0
011 1 ROUND-04-011-42_1 3
011 1 ROUND-04-011-42_2 3
011 1 ROUND-04-011-42_3 3
011 1 ROUND-04-011-42_4 3
011 1 ROUND-04-011-42_5 0
011 1 ROUND-04-011-42_6 3
011 1 ROUND-04-011-42_7 0
011 1 ROUND-04-011-42_8 3
011 1 ROUND-04-011-42_9 0
011 1 ROUND-04-011-42_10 1
017 1 ROUND-04-017-31_1 4
017 1 ROUND-04-017-31_2 0
017 1 ROUND-04-017-31_3 0
017 1 ROUND-04-017-31_4 4
017 1 ROUND-04-017-31_5 0
017 1 ROUND-04-017-31_6 0
017 1 ROUND-04-017-31_7 1
018 1 ROUND-04-018-31_1 1
018 1 ROUND-04-018-31_2 0
018 1 ROUND-04-018-31_3 3
018 1 ROUND-04-018-31_4 4
018 1 ROUND-04-018-31_5 2
018 1 ROUND-04-018-31_6 0
018 1 ROUND-04-018-31_7 0
018 1 ROUND-04-018-31_8 0
018 1 ROUND-04-018-31_9 0
029 1 ROUND-04-029-07_1 0
029 1 ROUND-04-029-07_2 1
029 1 ROUND-04-029-07_3 0
029 1 ROUND-04-029-07_4 0
029 1 ROUND-04-029-07_5 0
029 1 ROUND-04-029-07_6 1
032 1 ROUND-04-032-16_1 0
032 1 ROUND-04-032-16_2 0
032 1 ROUND-04-032-16_3 1
032 1 ROUND-04-032-16_4 0
032 1 ROUND-04-032-16_5 0
032 1 ROUND-04-032-16_6 0
032 1 ROUND-04-032-16_7 0
032 1 ROUND-04-032-16_8 0
032 1 ROUND-04-032-16_9 0
032 1 ROUND-04-032-16_10 0
032 1 ROUND-04-032-16_11 0
033 1 ROUND-04-033-12_1 3
033 1 ROUND-04-033-12_2 3
033 1 ROUND-04-033-12_3 2
033 1 ROUND-04-033-12_4 0
033 1 ROUND-04-033-12_5 0
033 1 ROUND-04-033-12_6 0
033 1 ROUND-04-033-12_7 3
033 1 ROUND-04-033-12_8 0
034 1 ROUND-04-034-20_1 3
034 1 ROUND-04-034-20_2 0
034 1 ROUND-04-034-20_3 2
036 1 ROUND-04-036-46_1 0
036 1 ROUND-04-036-46_2 0
036 1 ROUND-04-036-46_3 0
036 1 ROUND-04-036-46_4 0
036 1 ROUND-04-036-46_5 0
036 1 ROUND-04-036-46_6 0
036 1 ROUND-04-036-46_7 0
045 1 ROUND-04-045-16_1 1
045 1 ROUND-04-045-16_2 1
045 1 ROUND-04-045-16_3 0
045 1 ROUND-04-045-16_4 3
045 1 ROUND-04-045-16_5 1
045 1 ROUND-04-045-16_6 2
045 1 ROUND-04-045-16_7 0
048 1 ROUND-04-048-36_1 2
048 1 ROUND-04-048-36_2 0
048 1 ROUND-04-048-36_3 0
048 1 ROUND-04-048-36_4 0
048 1 ROUND-04-048-36_5 0
048 1 ROUND-04-048-36_6 3
048 1 ROUND-04-048-36_7 0
051 1 ROUND-04-051-46_1 3
051 1 ROUND-04-051-46_2 3
051 1 ROUND-04-051-46_3 0
051 1 ROUND-04-051-46_4 0
051 1 ROUND-04-051-46_5 0
051 1 ROUND-04-051-46_6 1
051 1 ROUND-04-051-46_7 2
059 1 ROUND-04-059-17_1 1
059 1 ROUND-04-059-17_2 1
059 1 ROUND-04-059-17_3 1
059 1 ROUND-04-059-17_4 1
059 1 ROUND-04-059-17_5 4
059 1 ROUND-04-059-17_6 3
059 1 ROUND-04-059-17_7 3
059 1 ROUND-04-059-17_8 1
059 1 ROUND-04-059-17_9 1
069 1 ROUND-04-069-43_1 2
069 1 ROUND-04-069-43_2 2
069 1 ROUND-04-069-43_3 0
069 1 ROUND-04-069-43_4 3
069 1 ROUND-04-069-43_5 1
069 1 ROUND-04-069-43_6 0
069 1 ROUND-04-069-43_7 2
078 1 ROUND-04-078-28_1 2
078 1 ROUND-04-078-28_2 3
078 1 ROUND-04-078-28_3 2
078 1 ROUND-04-078-28_4 3
078 1 ROUND-04-078-28_5 2
098 1 ROUND-04-098-15_1 0
098 1 ROUND-04-098-15_2 1
098 1 ROUND-04-098-15_3 0
098 1 ROUND-04-098-15_4 0
098 1 ROUND-04-098-15_5 0
098 1 ROUND-04-098-15_6 0
098 1 ROUND-04-098-15_7 0
124 1 ROUND-04-124-46_1 4
124 1 ROUND-04-124-46_2 4
124 1 ROUND-04-124-46_3 1
144 1 ROUND-04-144-15_1 1
144 1 ROUND-04-144-15_2 4
144 1 ROUND-04-144-15_3 2
144 1 ROUND-04-144-15_4 3
144 1 ROUND-04-144-15_5 2
161 1 ROUND-04-161-35_1 0
161 1 ROUND-04-161-35_2 0
161 1 ROUND-04-161-35_3 3
161 1 ROUND-04-161-35_4 0
161 1 ROUND-04-161-35_5 0
161 1 ROUND-04-161-35_6 0
161 1 ROUND-04-161-35_7 0
164 1 ROUND-04-164-38_1 0
164 1 ROUND-04-164-38_2 0
164 1 ROUND-04-164-38_3 1
164 1 ROUND-04-164-38_4 0
164 1 ROUND-04-164-38_5 0
164 1 ROUND-04-164-38_6 0
164 1 ROUND-04-164-38_7 0
166 1 ROUND-04-166-03_1 0
166 1 ROUND-04-166-03_2 1
166 1 ROUND-04-166-03_3 0
167 1 ROUND-04-167-21_1 2
167 1 ROUND-04-167-21_2 3
167 1 ROUND-04-167-21_3 2
167 1 ROUND-04-167-21_4 0
167 1 ROUND-04-167-21_5 3
167 1 ROUND-04-167-21_6 0
177 1 ROUND-04-177-29_1 3
177 1 ROUND-04-177-29_2 3
177 1 ROUND-04-177-29_3 1
177 1 ROUND-04-177-29_4 3
180 1 ROUND-04-180-34_1 0
180 1 ROUND-04-180-34_2 0
180 1 ROUND-04-180-34_3 0
180 1 ROUND-04-180-34_4 0
180 1 ROUND-04-180-34_5 0
180 1 ROUND-04-180-34_6 0
180 1 ROUND-04-180-34_7 0
180 1 ROUND-04-180-34_8 4
182 1 ROUND-04-182-10_1 4
182 1 ROUND-04-182-10_2 3
182 1 ROUND-04-182-10_3 3
182 1 ROUND-04-182-10_4 3
182 1 ROUND-04-182-10_5 4
182 1 ROUND-04-182-10_6 1
182 1 ROUND-04-182-10_7 3
182 1 ROUND-04-182-10_8 3
182 1 ROUND-04-182-10_9 1
188 1 ROUND-04-188-30_1 2
188 1 ROUND-04-188-30_2 3
188 1 ROUND-04-188-30_3 3
188 1 ROUND-04-188-30_4 2
188 1 ROUND-04-188-30_5 3
193 1 ROUND-04-193-52_1 2
193 1 ROUND-04-193-52_2 2
193 1 ROUND-04-193-52_3 1
193 1 ROUND-04-193-52_4 2
193 1 ROUND-04-193-52_5 2
195 1 ROUND-04-195-13_1 4
195 1 ROUND-04-195-13_2 0
195 1 ROUND-04-195-13_3 1
195 1 ROUND-04-195-13_4 2
195 1 ROUND-04-195-13_5 0
195 1 ROUND-04-195-13_6 2
195 1 ROUND-04-195-13_7 4
