002 1 ROUND-04-002-13_1 4
002 1 ROUND-04-002-13_2 4
002 1 ROUND-04-002-13_3 0
002 1 ROUND-04-002-13_4 1
002 1 ROUND-04-002-14_1 4
002 1 ROUND-04-002-14_2 2
002 1 ROUND-04-002-14_3 0
002 1 ROUND-04-002-14_4 4
002 1 ROUND-04-002-14_5 0
002 1 ROUND-04-002-14_6 0
002 1 ROUND-04-002-44_1 3
004 1 ROUND-04-004-19_1 0
004 1 ROUND-04-004-19_2 0
004 1 ROUND-04-004-19_3 0
004 1 ROUND-04-004-19_4 0
004 1 ROUND-04-004-19_5 0
004 1 ROUND-04-004-14_1 0
004 1 ROUND-04-004-14_2 1
004 1 ROUND-04-004-14_3 0
004 1 ROUND-04-004-14_4 0
004 1 ROUND-04-004-14_5 0
004 1 ROUND-04-004-48_1 0
004 1 ROUND-04-004-48_2 0
004 1 ROUND-04-004-48_3 0
004 1 ROUND-04-004-48_4 0
009 1 ROUND-04-009-39_1 0
009 1 ROUND-04-009-39_2 1
009 1 ROUND-04-009-39_3 1
009 1 ROUND-04-009-39_4 0
009 1 ROUND-04-009-02_1 3
009 1 ROUND-04-009-02_2 1
009 1 ROUND-04-009-02_3 1
009 1 ROUND-04-009-23_1 0
009 1 ROUND-04-009-23_2 1
009 1 ROUND-04-009-23_3 1
009 1 ROUND-04-009-23_4 1
009 1 ROUND-04-009-23_5 1
010 1 ROUND-04-010-33_1 3
010 1 ROUND-04-010-33_2 2
010 1 ROUND-04-010-33_3 0
010 1 ROUND-04-010-33_4 0
010 1 ROUND-04-010-33_5 2
010 1 ROUND-04-010-33_6 0
010 1 ROUND-04-010-49_1 0
010 1 ROUND-04-010-49_2 2
010 1 ROUND-04-010-49_3 3
010 1 ROUND-04-010-49_4 2
010 1 ROUND-04-010-49_5 0
010 1 ROUND-04-010-49_6 0
010 1 ROUND-04-010-09_1 2
010 1 ROUND-04-010-09_2 1
010 1 ROUND-04-010-09_3 0
010 1 ROUND-04-010-09_4 2
010 1 ROUND-04-010-09_5 3
011 1 ROUND-04-011-42_1 3
011 1 ROUND-04-011-42_2 3
011 1 ROUND-04-011-42_3 3
011 1 ROUND-04-011-42_4 3
011 1 ROUND-04-011-42_5 0
011 1 ROUND-04-011-42_6 3
011 1 ROUND-04-011-42_7 0
011 1 ROUND-04-011-42_8 3
011 1 ROUND-04-011-42_9 0
011 1 ROUND-04-011-42_10 1
011 1 ROUND-04-011-30_1 3
011 1 ROUND-04-011-30_2 4
011 1 ROUND-04-011-30_3 4
011 1 ROUND-04-011-30_4 3
011 1 ROUND-04-011-49_1 3
011 1 ROUND-04-011-49_2 3
011 1 ROUND-04-011-49_3 3
011 1 ROUND-04-011-49_4 3
017 1 ROUND-04-017-31_1 4
017 1 ROUND-04-017-31_2 0
017 1 ROUND-04-017-31_3 0
017 1 ROUND-04-017-31_4 4
017 1 ROUND-04-017-31_5 0
017 1 ROUND-04-017-31_6 0
017 1 ROUND-04-017-31_7 1
017 1 ROUND-04-017-01_1 0
017 1 ROUND-04-017-01_2 1
017 1 ROUND-04-017-01_3 0
017 1 ROUND-04-017-01_4 0
017 1 ROUND-04-017-01_5 0
017 1 ROUND-04-017-22_1 1
017 1 ROUND-04-017-22_2 4
017 1 ROUND-04-017-22_3 4
017 1 ROUND-04-017-22_4 2
018 1 ROUND-04-018-31_1 1
018 1 ROUND-04-018-31_2 0
018 1 ROUND-04-018-31_3 3
018 1 ROUND-04-018-31_4 4
018 1 ROUND-04-018-31_5 2
018 1 ROUND-04-018-31_6 0
018 1 ROUND-04-018-31_7 0
018 1 ROUND-04-018-31_8 0
018 1 ROUND-04-018-31_9 0
018 1 ROUND-04-018-10_1 4
018 1 ROUND-04-018-10_2 0
018 1 ROUND-04-018-10_3 0
018 1 ROUND-04-018-10_4 0
018 1 ROUND-04-018-10_5 3
018 1 ROUND-04-018-10_6 1
018 1 ROUND-04-018-10_7 2
018 1 ROUND-04-018-22_1 0
018 1 ROUND-04-018-22_2 0
018 1 ROUND-04-018-22_3 4
018 1 ROUND-04-018-22_4 2
018 1 ROUND-04-018-22_5 1
018 1 ROUND-04-018-22_6 1
029 1 ROUND-04-029-07_1 0
029 1 ROUND-04-029-07_2 1
029 1 ROUND-04-029-07_3 0
029 1 ROUND-04-029-07_4 0
029 1 ROUND-04-029-07_5 0
029 1 ROUND-04-029-07_6 1
029 1 ROUND-04-029-41_1 1
029 1 ROUND-04-029-41_2 1
029 1 ROUND-04-029-41_3 0
029 1 ROUND-04-029-41_4 0
029 1 ROUND-04-029-16_1 0
029 1 ROUND-04-029-16_2 2
029 1 ROUND-04-029-16_3 0
029 1 ROUND-04-029-16_4 1
029 1 ROUND-04-029-16_5 0
029 1 ROUND-04-029-16_6 1
029 1 ROUND-04-029-16_7 0
032 1 ROUND-04-032-16_1 0
032 1 ROUND-04-032-16_2 0
032 1 ROUND-04-032-16_3 1
032 1 ROUND-04-032-16_4 0
032 1 ROUND-04-032-16_5 0
032 1 ROUND-04-032-16_6 0
032 1 ROUND-04-032-16_7 0
032 1 ROUND-04-032-16_8 0
032 1 ROUND-04-032-16_9 0
032 1 ROUND-04-032-16_10 0
032 1 ROUND-04-032-16_11 0
032 1 ROUND-04-032-25_1 0
032 1 ROUND-04-032-25_2 0
032 1 ROUND-04-032-25_3 0
032 1 ROUND-04-032-25_4 0
032 1 ROUND-04-032-25_5 0
032 1 ROUND-04-032-08_1 0
032 1 ROUND-04-032-08_2 0
032 1 ROUND-04-032-08_3 0
032 1 ROUND-04-032-08_4 0
032 1 ROUND-04-032-08_5 0
032 1 ROUND-04-032-08_6 0
032 1 ROUND-04-032-08_7 0
032 1 ROUND-04-032-08_8 0
032 1 ROUND-04-032-08_9 0
032 1 ROUND-04-032-08_10 0
033 1 ROUND-04-033-12_1 3
033 1 ROUND-04-033-12_2 3
033 1 ROUND-04-033-12_3 2
033 1 ROUND-04-033-12_4 0
033 1 ROUND-04-033-12_5 0
033 1 ROUND-04-033-12_6 0
033 1 ROUND-04-033-12_7 3
033 1 ROUND-04-033-12_8 0
033 1 ROUND-04-033-18_1 4
033 1 ROUND-04-033-18_2 3
033 1 ROUND-04-033-18_3 3
033 1 ROUND-04-033-18_4 0
033 1 ROUND-04-033-18_5 0
033 1 ROUND-04-033-50_1 3
033 1 ROUND-04-033-50_2 3
033 1 ROUND-04-033-50_3 0
033 1 ROUND-04-033-50_4 2
033 1 ROUND-04-033-50_5 1
034 1 ROUND-04-034-20_1 3
034 1 ROUND-04-034-20_2 0
034 1 ROUND-04-034-20_3 2
034 1 ROUND-04-034-05_1 4
034 1 ROUND-04-034-05_2 1
034 1 ROUND-04-034-05_3 0
034 1 ROUND-04-034-05_4 1
034 1 ROUND-04-034-36_1 0
034 1 ROUND-04-034-36_2 0
034 1 ROUND-04-034-36_3 0
034 1 ROUND-04-034-36_4 4
036 1 ROUND-04-036-46_1 0
036 1 ROUND-04-036-46_2 0
036 1 ROUND-04-036-46_3 0
036 1 ROUND-04-036-46_4 0
036 1 ROUND-04-036-46_5 0
036 1 ROUND-04-036-46_6 0
036 1 ROUND-04-036-46_7 0
036 1 ROUND-04-036-47_1 0
036 1 ROUND-04-036-47_2 0
036 1 ROUND-04-036-47_3 0
036 1 ROUND-04-036-47_4 0
036 1 ROUND-04-036-47_5 0
036 1 ROUND-04-036-47_6 0
036 1 ROUND-04-036-47_7 0
036 1 ROUND-04-036-47_8 0
036 1 ROUND-04-036-26_1 0
036 1 ROUND-04-036-26_2 0
036 1 ROUND-04-036-26_3 0
036 1 ROUND-04-036-26_4 1
036 1 ROUND-04-036-26_5 0
036 1 ROUND-04-036-26_6 0
036 1 ROUND-04-036-26_7 0
036 1 ROUND-04-036-26_8 0
036 1 ROUND-04-036-26_9 0
045 1 ROUND-04-045-16_1 1
045 1 ROUND-04-045-16_2 1
045 1 ROUND-04-045-16_3 0
045 1 ROUND-04-045-16_4 3
045 1 ROUND-04-045-16_5 1
045 1 ROUND-04-045-16_6 2
045 1 ROUND-04-045-16_7 0
045 1 ROUND-04-045-08_1 1
045 1 ROUND-04-045-08_2 1
045 1 ROUND-04-045-08_3 0
045 1 ROUND-04-045-08_4 2
045 1 ROUND-04-045-08_5 0
045 1 ROUND-04-045-08_6 0
045 1 ROUND-04-045-07_1 0
045 1 ROUND-04-045-07_2 0
045 1 ROUND-04-045-07_3 0
045 1 ROUND-04-045-07_4 0
045 1 ROUND-04-045-07_5 0
045 1 ROUND-04-045-07_6 0
045 1 ROUND-04-045-07_7 0
045 1 ROUND-04-045-07_8 0
048 1 ROUND-04-048-36_1 2
048 1 ROUND-04-048-36_2 0
048 1 ROUND-04-048-36_3 0
048 1 ROUND-04-048-36_4 0
048 1 ROUND-04-048-36_5 0
048 1 ROUND-04-048-36_6 3
048 1 ROUND-04-048-36_7 0
048 1 ROUND-04-048-25_1 2
048 1 ROUND-04-048-25_2 0
048 1 ROUND-04-048-25_3 0
048 1 ROUND-04-048-25_4 4
048 1 ROUND-04-048-25_5 0
048 1 ROUND-04-048-25_6 4
048 1 ROUND-04-048-25_7 3
048 1 ROUND-04-048-25_8 0
048 1 ROUND-04-048-25_9 2
048 1 ROUND-04-048-27_1 2
048 1 ROUND-04-048-27_2 0
048 1 ROUND-04-048-27_3 2
048 1 ROUND-04-048-27_4 0
048 1 ROUND-04-048-27_5 0
048 1 ROUND-04-048-27_6 0
048 1 ROUND-04-048-27_7 0
048 1 ROUND-04-048-27_8 0
048 1 ROUND-04-048-27_9 0
048 1 ROUND-04-048-27_10 0
048 1 ROUND-04-048-27_11 0
048 1 ROUND-04-048-27_12 0
051 1 ROUND-04-051-46_1 3
051 1 ROUND-04-051-46_2 3
051 1 ROUND-04-051-46_3 0
051 1 ROUND-04-051-46_4 0
051 1 ROUND-04-051-46_5 0
051 1 ROUND-04-051-46_6 1
051 1 ROUND-04-051-46_7 2
051 1 ROUND-04-051-08_1 0
051 1 ROUND-04-051-08_2 0
051 1 ROUND-04-051-08_3 0
051 1 ROUND-04-051-08_4 3
051 1 ROUND-04-051-08_5 1
051 1 ROUND-04-051-04_1 0
051 1 ROUND-04-051-04_2 4
051 1 ROUND-04-051-04_3 1
051 1 ROUND-04-051-04_4 1
051 1 ROUND-04-051-04_5 0
051 1 ROUND-04-051-04_6 0
059 1 ROUND-04-059-17_1 1
059 1 ROUND-04-059-17_2 1
059 1 ROUND-04-059-17_3 1
059 1 ROUND-04-059-17_4 1
059 1 ROUND-04-059-17_5 4
059 1 ROUND-04-059-17_6 3
059 1 ROUND-04-059-17_7 3
059 1 ROUND-04-059-17_8 1
059 1 ROUND-04-059-17_9 1
059 1 ROUND-04-059-41_1 3
059 1 ROUND-04-059-41_2 2
059 1 ROUND-04-059-41_3 0
059 1 ROUND-04-059-45_1 3
059 1 ROUND-04-059-45_2 3
059 1 ROUND-04-059-45_3 3
059 1 ROUND-04-059-45_4 3
059 1 ROUND-04-059-45_5 3
059 1 ROUND-04-059-45_6 3
069 1 ROUND-04-069-43_1 2
069 1 ROUND-04-069-43_2 2
069 1 ROUND-04-069-43_3 0
069 1 ROUND-04-069-43_4 3
069 1 ROUND-04-069-43_5 1
069 1 ROUND-04-069-43_6 0
069 1 ROUND-04-069-43_7 2
069 1 ROUND-04-069-10_1 3
069 1 ROUND-04-069-10_2 2
069 1 ROUND-04-069-10_3 1
069 1 ROUND-04-069-10_4 4
069 1 ROUND-04-069-10_5 0
069 1 ROUND-04-069-10_6 3
069 1 ROUND-04-069-22_1 0
069 1 ROUND-04-069-22_2 3
069 1 ROUND-04-069-22_3 0
069 1 ROUND-04-069-22_4 0
069 1 ROUND-04-069-22_5 1
069 1 ROUND-04-069-22_6 0
069 1 ROUND-04-069-22_7 0
069 1 ROUND-04-069-22_8 0
069 1 ROUND-04-069-22_9 2
078 1 ROUND-04-078-28_1 2
078 1 ROUND-04-078-28_2 3
078 1 ROUND-04-078-28_3 2
078 1 ROUND-04-078-28_4 3
078 1 ROUND-04-078-28_5 2
078 1 ROUND-04-078-14_1 0
078 1 ROUND-04-078-14_2 0
078 1 ROUND-04-078-14_3 2
078 1 ROUND-04-078-14_4 1
078 1 ROUND-04-078-14_5 3
078 1 ROUND-04-078-34_1 3
078 1 ROUND-04-078-34_2 0
078 1 ROUND-04-078-34_3 0
078 1 ROUND-04-078-34_4 0
078 1 ROUND-04-078-34_5 0
078 1 ROUND-04-078-34_6 3
078 1 ROUND-04-078-34_7 2
078 1 ROUND-04-078-34_8 0
078 1 ROUND-04-078-34_9 2
078 1 ROUND-04-078-34_10 2
078 1 ROUND-04-078-34_11 0
098 1 ROUND-04-098-15_1 0
098 1 ROUND-04-098-15_2 1
098 1 ROUND-04-098-15_3 0
098 1 ROUND-04-098-15_4 0
098 1 ROUND-04-098-15_5 0
098 1 ROUND-04-098-15_6 0
098 1 ROUND-04-098-15_7 0
098 1 ROUND-04-098-02_1 0
098 1 ROUND-04-098-02_2 4
098 1 ROUND-04-098-04_1 0
098 1 ROUND-04-098-04_2 1
098 1 ROUND-04-098-04_3 0
098 1 ROUND-04-098-04_4 0
098 1 ROUND-04-098-04_5 1
098 1 ROUND-04-098-04_6 0
098 1 ROUND-04-098-04_7 0
098 1 ROUND-04-098-04_8 0
124 1 ROUND-04-124-46_1 4
124 1 ROUND-04-124-46_2 4
124 1 ROUND-04-124-46_3 1
124 1 ROUND-04-124-47_1 4
124 1 ROUND-04-124-47_2 4
124 1 ROUND-04-124-47_3 1
124 1 ROUND-04-124-47_4 1
124 1 ROUND-04-124-28_1 4
124 1 ROUND-04-124-28_2 1
124 1 ROUND-04-124-28_3 1
124 1 ROUND-04-124-28_4 0
144 1 ROUND-04-144-15_1 1
144 1 ROUND-04-144-15_2 4
144 1 ROUND-04-144-15_3 2
144 1 ROUND-04-144-15_4 3
144 1 ROUND-04-144-15_5 2
144 1 ROUND-04-144-09_1 4
144 1 ROUND-04-144-09_2 2
144 1 ROUND-04-144-09_3 0
144 1 ROUND-04-144-09_4 0
144 1 ROUND-04-144-06_1 4
144 1 ROUND-04-144-06_2 0
144 1 ROUND-04-144-06_3 2
144 1 ROUND-04-144-06_4 2
161 1 ROUND-04-161-35_1 0
161 1 ROUND-04-161-35_2 0
161 1 ROUND-04-161-35_3 3
161 1 ROUND-04-161-35_4 0
161 1 ROUND-04-161-35_5 0
161 1 ROUND-04-161-35_6 0
161 1 ROUND-04-161-35_7 0
161 1 ROUND-04-161-38_1 1
161 1 ROUND-04-161-38_2 3
161 1 ROUND-04-161-38_3 0
161 1 ROUND-04-161-38_4 0
161 1 ROUND-04-161-06_1 4
161 1 ROUND-04-161-06_2 0
161 1 ROUND-04-161-06_3 0
161 1 ROUND-04-161-06_4 1
161 1 ROUND-04-161-06_5 0
161 1 ROUND-04-161-06_6 1
164 1 ROUND-04-164-38_1 0
164 1 ROUND-04-164-38_2 0
164 1 ROUND-04-164-38_3 1
164 1 ROUND-04-164-38_4 0
164 1 ROUND-04-164-38_5 0
164 1 ROUND-04-164-38_6 0
164 1 ROUND-04-164-38_7 0
164 1 ROUND-04-164-21_1 0
164 1 ROUND-04-164-21_2 3
164 1 ROUND-04-164-21_3 0
164 1 ROUND-04-164-21_4 0
164 1 ROUND-04-164-21_5 1
164 1 ROUND-04-164-21_6 0
164 1 ROUND-04-164-21_7 0
164 1 ROUND-04-164-35_1 0
164 1 ROUND-04-164-35_2 0
164 1 ROUND-04-164-35_3 1
164 1 ROUND-04-164-35_4 0
164 1 ROUND-04-164-35_5 0
164 1 ROUND-04-164-35_6 0
164 1 ROUND-04-164-35_7 0
166 1 ROUND-04-166-03_1 0
166 1 ROUND-04-166-03_2 1
166 1 ROUND-04-166-03_3 0
166 1 ROUND-04-166-47_1 1
166 1 ROUND-04-166-47_2 1
166 1 ROUND-04-166-47_3 0
166 1 ROUND-04-166-47_4 1
166 1 ROUND-04-166-47_5 0
166 1 ROUND-04-166-47_6 1
166 1 ROUND-04-166-47_7 0
166 1 ROUND-04-166-05_1 2
166 1 ROUND-04-166-05_2 0
166 1 ROUND-04-166-05_3 1
166 1 ROUND-04-166-05_4 0
167 1 ROUND-04-167-21_1 2
167 1 ROUND-04-167-21_2 3
167 1 ROUND-04-167-21_3 2
167 1 ROUND-04-167-21_4 0
167 1 ROUND-04-167-21_5 3
167 1 ROUND-04-167-21_6 0
167 1 ROUND-04-167-18_1 4
167 1 ROUND-04-167-18_2 0
167 1 ROUND-04-167-18_3 4
167 1 ROUND-04-167-18_4 3
167 1 ROUND-04-167-18_5 3
167 1 ROUND-04-167-18_6 3
167 1 ROUND-04-167-13_1 2
167 1 ROUND-04-167-13_2 2
167 1 ROUND-04-167-13_3 1
167 1 ROUND-04-167-13_4 0
167 1 ROUND-04-167-13_5 0
167 1 ROUND-04-167-13_6 3
177 1 ROUND-04-177-29_1 3
177 1 ROUND-04-177-29_2 3
177 1 ROUND-04-177-29_3 1
177 1 ROUND-04-177-29_4 3
177 1 ROUND-04-177-48_1 2
177 1 ROUND-04-177-48_2 2
177 1 ROUND-04-177-48_3 1
177 1 ROUND-04-177-48_4 1
177 1 ROUND-04-177-48_5 3
177 1 ROUND-04-177-21_1 4
177 1 ROUND-04-177-21_2 2
177 1 ROUND-04-177-21_3 1
177 1 ROUND-04-177-21_4 1
177 1 ROUND-04-177-21_5 1
177 1 ROUND-04-177-21_6 3
177 1 ROUND-04-177-21_7 2
177 1 ROUND-04-177-21_8 2
177 1 ROUND-04-177-21_9 4
180 1 ROUND-04-180-34_1 0
180 1 ROUND-04-180-34_2 0
180 1 ROUND-04-180-34_3 0
180 1 ROUND-04-180-34_4 0
180 1 ROUND-04-180-34_5 0
180 1 ROUND-04-180-34_6 0
180 1 ROUND-04-180-34_7 0
180 1 ROUND-04-180-34_8 4
180 1 ROUND-04-180-19_1 0
180 1 ROUND-04-180-19_2 2
180 1 ROUND-04-180-19_3 0
180 1 ROUND-04-180-19_4 0
180 1 ROUND-04-180-37_1 3
182 1 ROUND-04-182-10_1 4
182 1 ROUND-04-182-10_2 3
182 1 ROUND-04-182-10_3 3
182 1 ROUND-04-182-10_4 3
182 1 ROUND-04-182-10_5 4
182 1 ROUND-04-182-10_6 1
182 1 ROUND-04-182-10_7 3
182 1 ROUND-04-182-10_8 3
182 1 ROUND-04-182-10_9 1
182 1 ROUND-04-182-45_1 3
182 1 ROUND-04-182-45_2 0
182 1 ROUND-04-182-45_3 3
182 1 ROUND-04-182-45_4 3
182 1 ROUND-04-182-45_5 3
182 1 ROUND-04-182-45_6 1
182 1 ROUND-04-182-45_7 3
182 1 ROUND-04-182-45_8 3
182 1 ROUND-04-182-45_9 0
182 1 ROUND-04-182-42_1 3
182 1 ROUND-04-182-42_2 1
182 1 ROUND-04-182-42_3 3
182 1 ROUND-04-182-42_4 3
182 1 ROUND-04-182-42_5 3
182 1 ROUND-04-182-42_6 1
182 1 ROUND-04-182-42_7 1
188 1 ROUND-04-188-30_1 2
188 1 ROUND-04-188-30_2 3
188 1 ROUND-04-188-30_3 3
188 1 ROUND-04-188-30_4 2
188 1 ROUND-04-188-30_5 3
188 1 ROUND-04-188-24_1 2
188 1 ROUND-04-188-24_2 2
188 1 ROUND-04-188-24_3 3
188 1 ROUND-04-188-24_4 1
188 1 ROUND-04-188-24_5 0
188 1 ROUND-04-188-24_6 0
188 1 ROUND-04-188-24_7 0
188 1 ROUND-04-188-37_1 3
188 1 ROUND-04-188-37_2 1
193 1 ROUND-04-193-52_1 2
193 1 ROUND-04-193-52_2 2
193 1 ROUND-04-193-52_3 1
193 1 ROUND-04-193-52_4 2
193 1 ROUND-04-193-52_5 2
193 1 ROUND-04-193-37_1 0
193 1 ROUND-04-193-37_2 2
193 1 ROUND-04-193-37_3 2
193 1 ROUND-04-193-37_4 0
193 1 ROUND-04-193-37_5 1
193 1 ROUND-04-193-01_1 1
193 1 ROUND-04-193-01_2 3
193 1 ROUND-04-193-01_3 2
193 1 ROUND-04-193-01_4 3
195 1 ROUND-04-195-13_1 4
195 1 ROUND-04-195-13_2 0
195 1 ROUND-04-195-13_3 1
195 1 ROUND-04-195-13_4 2
195 1 ROUND-04-195-13_5 0
195 1 ROUND-04-195-13_6 2
195 1 ROUND-04-195-13_7 4
195 1 ROUND-04-195-43_1 4
195 1 ROUND-04-195-43_2 4
195 1 ROUND-04-195-43_3 0
195 1 ROUND-04-195-43_4 4
195 1 ROUND-04-195-43_5 0
195 1 ROUND-04-195-43_6 3
195 1 ROUND-04-195-17_1 1
195 1 ROUND-04-195-17_2 0
195 1 ROUND-04-195-17_3 0
195 1 ROUND-04-195-17_4 0
195 1 ROUND-04-195-17_5 0
195 1 ROUND-04-195-17_6 0
195 1 ROUND-04-195-17_7 2
